C: 26400 ms (1011.7ms / 1e8 ops)
JS1: 99742 ms (3822.157585002789 ms / 1e8 ops)
JS2: 83552 ms (3201.7496194396845 ms / 1e8 ops)
JS3: 64087 ms (2455.8422043880587 ms / 1e8 ops)
JS4: 54161 ms (2075.47349122071 ms / 1e8 ops)
JS5: 38023 ms (1457.0581886723853 ms / 1e8 ops)

